0,310
0,305
0,308
0,307
0,302
0,304
0,303
0,12
0,10
0,8
0,0
0,563
0,505
0,300
0,565
0,437
0,299
0,562
0,504
0,298
0,561
0,436
0,297
0,503
0,434
0,296
0,551
0,433
0,295
0,502
0,435
0,294
0,432
0,431
0,293
0,538
0,430
0,292
0,429
0,428
0,291
0,427
0,426
0,290
0,425
0,424
0,289
0,423
0,422
0,288
0,536
0,501
0,287
0,537
0,421
0,286
0,534
0,420
0,285
0,533
0,419
0,284
0,535
0,500
0,283
0,499
0,417
0,282
0,498
0,416
0,281
0,497
0,418
0,280
0,415
0,414
0,279
0,496
0,413
0,278
0,412
0,411
0,277
0,410
0,409
0,276
0,407
0,406
0,275
0,405
0,404
0,274
0,532
0,495
0,273
0,493
0,403
0,272
0,492
0,402
0,271
0,531
0,401
0,270
0,550
0,530
0,269
0,529
0,400
0,268
0,528
0,399
0,267
0,491
0,398
0,266
0,490
0,397
0,265
0,489
0,395
0,264
0,547
0,394
0,263
0,546
0,396
0,262
0,393
0,392
0,261
0,488
0,391
0,260
0,390
0,389
0,259
0,388
0,387
0,258
0,386
0,385
0,257
0,384
0,383
0,256
0,545
0,487
0,255
0,486
0,382
0,254
0,527
0,381
0,253
0,526
0,380
0,252
0,560
0,525
0,251
0,485
0,378
0,250
0,484
0,377
0,249
0,483
0,379
0,248
0,376
0,375
0,247
0,374
0,373
0,246
0,372
0,371
0,245
0,370
0,369
0,244
0,368
0,367
0,242
0,366
0,365
0,241
0,544
0,482
0,240
0,480
0,364
1,1
1,2
1,3
3,0
3,3
129,0
129,2
129,3
130,1
130,2
130,4
131,1
131,2
131,4
131,5
132,1
132,3
133,0
133,2
133,3
134,1
134,2
134,4
135,1
135,2
138,0
138,1
138,3
138,5
141,0
141,2
141,3
141,5
142,2
141,4
141,1
138,4
138,2
135,3
135,0
134,3
134,0
133,1
132,2
132,0
131,3
131,0
130,3
130,0
129,1
3,1
2,2
142,1
142,3
1,0
0,494
142,0
0,457
2,1
2,3
0,408
0,322
2,0
0,9
0,239
0,479
0,363
0,238
0,481
0,362
0,237
0,524
0,477
0,236
0,476
0,361
0,235
0,478
0,360
0,234
0,474
0,359
0,233
0,473
0,358
0,232
0,475
0,357
0,231
0,471
0,356
0,230
0,470
0,355
0,229
0,472
0,354
0,228
0,523
0,469
0,227
0,468
0,353
0,226
0,543
0,352
0,225
0,522
0,351
0,224
0,466
0,350
0,223
0,521
0,467
0,222
0,542
0,464
0,221
0,463
0,349
0,220
0,465
0,348
0,219
0,461
0,347
0,218
0,460
0,346
0,217
0,462
0,345
0,216
0,459
0,344
0,215
0,458
0,343
0,214
0,342
0,213
0,456
0,341
0,212
0,541
0,340
0,211
0,455
0,339
0,210
0,520
0,338
0,209
0,454
0,337
0,208
0,554
0,336
0,207
0,549
0,453
0,206
0,548
0,335
0,205
0,452
0,334
0,204
0,451
0,333
0,203
0,518
0,332
0,202
0,517
0,450
0,201
0,519
0,449
0,200
0,516
0,331
0,199
0,448
0,330
0,198
0,447
0,329
0,197
0,515
0,328
0,196
0,514
0,446
0,195
0,513
0,445
0,194
0,552
0,327
0,193
0,553
0,326
0,192
0,540
0,325
0,63
0,539
0,324
0,62
0,566
0,444
0,61
0,512
0,323
0,60
0,443
0,321
0,59
0,442
0,320
0,58
0,511
0,319
0,57
0,510
0,441
0,56
0,509
0,440
0,55
0,508
0,318
0,54
0,507
0,317
0,53
0,506
0,316
0,52
0,559
0,315
0,51
0,558
0,314
0,50
0,557
0,313
0,49
0,556
0,312
0,48
0,555
0,311
0,47
0,439
0,309
0,46
0,438
0,306
0,45
0,564
0,301
0,6
0,5
0,1
0,11
0,4
0,2
0,3
0,7
